24763
3714
52173
88886
89586
15597
19035
25084
27991
65834
16374
18835
34477
34609
54418
54430
57184
62547
69079
18953
1801
39043
41013
43169
50389
59252
76862
81701
85896
11808
19514
55385
59500
67952
9088
93167
25409
85763
10219
50850
57467
81016
81800
92949
95232
95368
10288
15178
87862
20261
29620
84734
19775
95344
9284
14867
16933
22833
35167
55313
56002
66585
69921
76654
81048
81083
82432
89093
98264
3902
61574
74851
75389
39404
41043
87624
34592
64567
81686
90269
98104
4669
7361
72276
86589
90974
97258
18337
21040
29843
63731
1197
22241
25193
25656
95309
6331
14785
28194
42069
79751
351
7794
17505
23983
41729
45525
51146
53492
53714
54179
55537
68751
73474
80089
81183
84737
89087
96181
68201
77947
10876
12233
48261
58728
66541
77623
84598
86065
96409
23075
23890
35668
43780
74800
79330
84609
3343
43376
85001
2694
9975
28059
